0
1
11295
11293
11292
11291
11290
7
8
9
11289
11288
11287
11286
11285
15
16
17
11284
11283
11263
11227
11225
23
24
25
11206
11203
11202
11201
11200
10971
10970
10969
10968
10967
10966
10965
10964
10963
10962
10961
10960
10959
10958
10957
10956
10955
10954
10953
10952
10951
10950
10949
10948
10947
10946
10945
10944
10943
10942
10941
10940
10939
10938
10937
10936
10935
10934
10933
10932
10931
10930
10894
10893
10892
10891
10884
10883
10882
10881
10880
10879
10878
10877
10876
10875
10874
10873
10872
10871
10870
10869
10868
10867
10866
10865
10864
10863
10862
10861
10860
10859
103
10858
10857
10856
10855
10854
10853
10852
10851
10850
10849
10848
10847
10846
10845
10844
10843
10842
121
122
123
124
10841
126
127
128
129
10840
131
132
10839
10838
10837
10836
10835
10834
10833
10832
10831
142
143
10830
10829
10828
10827
10826
10825
10824
151
152
10823
10822
10821
10820
10819
10818
10817
10816
10815
162
163
164
165
166
167
168
169
170
171
172
173
174
175
176
177
178
179
180
181
182
183
184
185
186
187
188
189
190
191
192
193
194
195
196
197
198
199
200
201
202
203
204
205
206
207
208
209
210
211
212
213
214
215
216
217
218
219
220
221
222
223
224
225
226
227
228
229
10814
10813
10812
10811
10810
10809
10808
10807
10806
10805
10804
10803
10802
10801
10800
10799
10798
10797
10796
10795
10794
10793
10792
10791
10790
10789
10788
10787
10786
10785
10784
10783
10782
10781
264
265
266
267
268
269
270
271
272
273
274
275
276
277
278
279
280
281
282
283
284
285
286
287
288
289
290
291
292
293
294
295
296
297
298
299
300
301
302
303
304
305
306
307
308
309
310
311
312
313
314
315
316
317
318
319
320
321
322
323
324
325
326
327
328
329
330
331
332
333
334
335
336
337
338
339
340
341
342
343
344
345
346
347
348
349
350
351
352
353
354
355
356
357
358
359
360
361
362
363
364
365
366
367
368
369
370
371
372
373
374
375
376
377
378
379
380
381
382
383
384
385
386
387
388
389
390
391
392
393
394
395
396
397
398
399
400
401
402
403
404
405
406
407
408
409
410
411
412
413
414
415
416
417
418
419
420
421
422
423
424
425
426
427
428
429
430
431
432
433
434
435
436
437
438
439
440
441
442
443
444
445
446
447
448
449
450
451
452
453
454
455
456
457
458
459
460
461
462
463
464
465
466
467
468
469
470
471
472
473
474
475
476
477
478
479
480
481
482
483
484
485
486
487
488
489
10780
10779
492
493
10778
10777
496
497
10776
499
500
501
502
503
504
505
506
507
508
509
510
511
512
10775
10774
10773
10772
517
518
519
520
521
522
523
524
525
526
527
528
529
530
531
532
533
534
535
536
537
538
539
540
541
542
543
544
545
546
547
548
549
550
551
552
553
554
555
556
557
558
559
560
561
562
563
564
565
566
567
568
569
570
571
572
573
574
575
576
577
578
579
580
581
582
583
584
585
586
587
588
589
590
591
592
593
594
595
596
597
598
599
600
601
602
603
604
605
606
607
608
609
610
611
612
613
614
615
616
617
618
619
620
621
622
623
624
625
626
627
628
629
630
631
632
633
634
635
636
637
638
639
640
641
642
643
644
645
646
647
648
649
650
651
652
653
654
655
656
657
658
659
660
661
662
663
664
665
666
667
668
669
670
671
672
673
674
675
676
677
678
679
680
681
682
683
684
685
686
687
688
689
690
691
692
693
694
695
696
697
698
699
700
701
702
703
704
705
706
707
708
709
710
711
712
713
714
715
716
717
718
719
720
721
722
723
724
725
726
727
728
729
730
731
732
733
734
735
736
737
738
739
740
741
742
743
744
745
746
747
748
749
750
751
752
753
754
755
756
757
10771
10770
10769
10768
10767
10766
10765
765
766
767
768
769
10764
10763
10762
10761
10760
10759
10758
10757
10756
10755
10754
10753
10752
10751
10750
10749
10748
10747
10746
789
790
791
792
793
794
795
796
797
798
799
800
801
802
803
804
805
806
807
808
809
810
811
812
813
814
815
816
817
818
819
820
821
822
823
824
825
826
827
828
10745
10744
10743
10742
10741
10740
835
10739
10738
10737
839
840
841
842
843
844
845
846
847
848
10736
10735
10734
10733
10732
10731
10730
10729
10728
10727
10726
10725
10724
10723
10722
10721
10720
10719
10718
10717
10716
10715
10714
10713
10712
10711
10710
10709
10708
10707
10706
10705
10704
10703
10702
10701
10700
10699
10698
10697
10696
10695
10694
10693
10692
10691
10690
10689
10688
10687
10686
10685
10684
10683
10682
10681
10680
10679
10678
10677
10676
10675
10674
10673
10672
10671
10670
10669
10668
10667
10666
10665
10664
10663
10662
10661
10660
10659
10658
10657
10656
10655
10654
10653
10652
10651
10650
10649
10648
10647
10646
10645
10644
10643
10642
10641
10640
10639
10638
10637
10633
10632
10631
10630
10629
10628
10627
10626
10625
10621
10620
10619
10618
10617
10616
10609
10608
10607
10606
10605
10604
10603
10602
10601
10600
10599
10598
10597
10596
10595
10594
10593
10592
10591
10590
10589
10588
10587
10586
10585
10584
10583
10582
10581
10580
10579
10578
10577
10576
10575
10574
10573
10572
10571
10570
10569
10568
10567
10566
10565
10564
10563
10562
10561
10560
10559
10558
10557
10556
10555
10554
10553
10552
10551
10550
10549
10548
10547
10546
10545
10544
10543
10542
10541
10540
10539
10538
10537
10536
10535
10534
10533
10532
10531
10530
10529
10528
10527
10526
10525
10524
10523
10522
10521
1053
1054
1055
10520
10519
1058
1059
10518
10517
10516
10515
10514
10513
10512
10511
10510
10509
10508
10507
10506
10505
10504
10503
10502
10501
10500
10499
10498
10497
10496
10495
10494
10493
10492
10491
10490
1089
10489
10488
10487
10486
10485
10484
10483
10482
10481
10480
10479
10478
10477
10476
10475
10474
10473
10472
10471
10470
10469
10468
10467
10466
10465
10464
10463
10462
10461
10460
10459
10458
10457
10456
10455
1125
10454
10453
10452
10451
10450
10449
10448
10447
10446
10445
10444
10443
10442
10441
10440
10439
10438
10437
10436
1145
1146
1147
1148
1149
1150
1151
1152
1153
10435
1155
10434
10433
10432
10431
10430
10429
1162
10428
10427
10426
10425
10424
10423
10422
1170
10421
10420
10419
10418
10417
10416
10415
10414
10413
10412
10411
10410
10409
10408
10407
10406
10405
10404
10403
10402
10401
10400
10399
10398
10397
10396
10395
10394
10393
10392
10343
10342
10341
10340
10339
10338
10337
10336
10335
10334
10333
10332
10331
10330
10329
10328
10327
10326
10325
10324
10323
10322
10321
10320
10319
10318
10317
10316
10315
10314
10313
10312
10311
10310
10309
10308
10307
10306
10305
10304
10303
10302
10301
10300
10299
10298
10297
10296
10295
10294
10293
10292
10291
10290
10289
10288
10287
10286
10285
10284
10283
10282
10281
10280
10274
10273
10272
10271
10270
10269
10268
10267
10266
10265
10256
10254
10253
10148
10147
10135
10134
10133
10123
10122
10121
10120
10119
10118
10105
10104
10103
10102
10101
10100
9863
9861
9860
9859
9858
9857
9856
9855
9854
9853
9852
9831
9811
9795
9794
9763
9760
9759
1313
1314
1315
1316
1317
1318
1319
1320
1321
1322
1323
9758
1325
1326
1327
1328
1329
1330
1331
1332
1333
1334
1335
1336
1337
1338
1339
1340
9757
9539
9538
9537
9536
9535
9534
9533
9532
9531
9530
9529
9528
9527
9526
9525
9524
9523
9522
9521
9520
9519
9518
9517
9516
9515
9514
9513
9512
9511
9510
9509
9508
9507
9506
9505
9504
9503
9502
9501
9500
9499
9498
9497
9496
9495
9494
9459
9458
9457
9448
9447
9446
9445
9444
9443
9442
9441
9440
9439
9438
9437
9436
9435
9434
9433
9432
9431
9430
9429
9428
9427
9426
9425
9424
9423
9422
9421
9420
9419
9418
9417
9416
9415
1425
1426
9414
9413
9412
9411
9410
1432
1433
1434
9409
9408
9407
9406
9405
1440
1441
1442
9404
9403
9402
9401
9400
1448
1449
1450
9399
9398
9397
9396
9395
9394
9393
9392
9391
9390
9389
9388
9387
9386
9385
9384
9383
9382
9381
9380
9379
9378
9377
9376
9375
9374
9373
9372
9371
9370
9369
9368
9367
9366
9365
9364
9363
9362
9361
9360
9359
9358
9357
9356
9355
9354
9353
9352
9351
9350
9349
9348
9347
9346
9345
9344
9343
9342
9341
9340
9339
9338
9337
9336
9335
9334
9333
9332
9331
9330
9329
9328
9327
9326
9325
9324
9323
1528
9322
9321
9320
9319
9318
9317
9316
9315
9314
9313
9312
9311
9310
9309
9308
9307
9306
1546
1547
1548
1549
9305
1551
1552
1553
1554
9304
1556
1557
9303
9302
9301
9300
9299
9298
9297
9296
9295
1567
1568
9294
9293
9292
9291
9290
9289
9288
1576
1577
9287
9286
9285
9284
9283
9282
9281
9280
9279
1587
1588
1589
1590
1591
1592
1593
1594
1595
1596
1597
1598
1599
1600
1601
1602
1603
1604
1605
1606
1607
1608
1609
1610
1611
1612
1613
1614
1615
1616
1617
1618
1619
1620
1621
1622
1623
1624
1625
1626
1627
1628
1629
1630
1631
1632
1633
1634
1635
1636
1637
1638
1639
1640
1641
1642
1643
1644
1645
1646
1647
1648
1649
1650
1651
1652
1653
1654
9278
9277
9276
9275
9274
9273
9272
9271
9270
9269
9268
9267
9266
9265
9264
9263
9262
9261
9260
9259
9258
9257
9256
9255
9254
9253
9252
9251
9250
9249
9248
9247
9246
9245
1689
1690
1691
1692
1693
1694
1695
1696
1697
1698
1699
1700
1701
1702
1703
1704
1705
1706
1707
1708
1709
1710
1711
1712
1713
1714
1715
1716
1717
1718
1719
1720
1721
1722
1723
1724
1725
1726
1727
1728
1729
1730
1731
1732
1733
1734
1735
1736
1737
1738
1739
1740
1741
1742
1743
1744
1745
1746
1747
1748
1749
1750
1751
1752
1753
1754
1755
1756
1757
1758
1759
1760
1761
1762
1763
1764
1765
1766
1767
1768
1769
1770
1771
1772
1773
1774
1775
1776
1777
1778
1779
1780
1781
1782
1783
1784
1785
1786
1787
1788
1789
1790
1791
1792
1793
1794
1795
1796
1797
1798
1799
1800
1801
1802
1803
1804
1805
1806
1807
1808
1809
1810
1811
1812
1813
1814
1815
1816
1817
1818
1819
1820
1821
1822
1823
1824
1825
1826
1827
1828
1829
1830
1831
1832
1833
1834
1835
1836
1837
1838
1839
1840
1841
1842
1843
1844
1845
1846
1847
1848
1849
1850
1851
1852
1853
1854
1855
1856
1857
1858
1859
1860
1861
1862
1863
1864
1865
1866
1867
1868
1869
1870
1871
1872
1873
1874
1875
1876
1877
1878
1879
1880
1881
1882
1883
1884
1885
1886
1887
1888
1889
1890
1891
1892
1893
1894
1895
1896
1897
1898
1899
1900
1901
1902
1903
1904
1905
1906
1907
1908
1909
1910
1911
1912
1913
1914
9244
9243
1917
1918
9242
9241
1921
1922
9240
1924
1925
1926
1927
1928
1929
1930
1931
1932
1933
1934
1935
1936
1937
9239
9238
9237
9236
1942
1943
1944
1945
1946
1947
1948
1949
1950
1951
1952
1953
1954
1955
1956
1957
1958
1959
1960
1961
1962
1963
1964
1965
1966
1967
1968
1969
1970
1971
1972
1973
1974
1975
1976
1977
1978
1979
1980
1981
1982
1983
1984
1985
1986
1987
1988
1989
1990
1991
1992
1993
1994
1995
1996
1997
1998
1999
2000
2001
2002
2003
2004
2005
2006
2007
2008
2009
2010
2011
2012
2013
2014
2015
2016
2017
2018
2019
2020
2021
2022
2023
2024
2025
2026
2027
2028
2029
2030
2031
2032
2033
2034
2035
2036
2037
2038
2039
2040
2041
2042
2043
2044
2045
2046
2047
2048
2049
2050
2051
2052
2053
2054
2055
2056
2057
2058
2059
2060
2061
2062
2063
2064
2065
2066
2067
2068
2069
2070
2071
2072
2073
2074
2075
2076
2077
2078
2079
2080
2081
2082
2083
2084
2085
2086
2087
2088
2089
2090
2091
2092
2093
2094
2095
2096
2097
2098
2099
2100
2101
2102
2103
2104
2105
2106
2107
2108
2109
2110
2111
2112
2113
2114
2115
2116
2117
2118
2119
2120
2121
2122
2123
2124
2125
2126
2127
2128
2129
2130
2131
2132
2133
2134
2135
2136
2137
2138
2139
2140
2141
2142
2143
2144
2145
2146
2147
2148
2149
2150
2151
2152
2153
2154
2155
2156
2157
2158
2159
2160
2161
2162
2163
2164
2165
2166
2167
2168
9235
2170
2171
2172
2173
2174
2175
2176
2177
2178
2179
2180
2181
2182
9234
9233
9232
9231
9230
9229
9228
2190
2191
2192
9227
2194
2195
9226
9225
9224
9223
9222
9221
9220
9219
9218
9217
9216
9215
9214
9213
9212
9211
9210
9209
2214
2215
2216
2217
2218
2219
2220
2221
2222
2223
2224
2225
2226
2227
2228
2229
2230
2231
2232
2233
2234
2235
2236
2237
2238
2239
2240
2241
2242
2243
2244
2245
2246
2247
2248
2249
2250
2251
2252
2253
9208
9207
9206
9205
9204
9203
2260
9202
9201
9200
2264
2265
2266
2267
2268
2269
2270
2271
2272
2273
9199
9198
9197
9196
9195
9194
9193
9192
9191
9185
9184
9183
9182
9181
9176
9175
9174
9173
9172
9171
9170
9167
9166
9165
9160
9159
9158
9157
9156
9155
9154
9153
9152
9151
9150
9149
9148
9147
9146
9145
9144
9143
9142
9141
9140
9139
9138
9137
9136
9135
9134
9133
9132
9131
9130
9129
9128
9127
9126
9125
9124
9123
9122
9121
9120
9119
9118
9117
9116
9115
9114
9113
9112
9111
9110
9109
9108
9107
9106
9105
9104
9103
9102
9101
9100
9099
9098
9097
9096
9095
9094
9093
9092
9091
9090
9089
9088
9087
9086
9085
9084
9083
9082
9081
9080
9079
9078
9077
9076
9075
9074
9073
9072
9071
9070
9069
9068
9067
9066
9065
9064
9063
9062
9061
9060
9059
9058
9057
9056
9055
9054
9053
9052
9051
9050
9049
9048
9047
9046
9045
9044
9043
9042
9041
9040
9039
9038
9037
9036
9035
9034
9033
9032
9031
9030
9029
9028
9027
9026
9025
9024
9023
9022
9021
9020
9019
9018
9017
9016
9015
9014
9013
9012
9011
9010
9009
9008
9007
9006
9005
9004
9003
9002
9001
9000
8999
8998
8997
8996
8995
8994
8993
8992
8991
8990
8989
8988
8987
8986
8985
8984
8983
8982
8981
8980
8979
8978
8977
8976
8975
8974
8973
8972
8971
8970
8969
8968
8967
8966
8965
8964
8963
8962
8961
8960
8959
8958
8957
8956
8955
8954
8953
8952
8951
8950
8949
8948
8947
8946
8945
2514
8944
8943
8942
8941
8940
8939
8938
8937
8936
8935
8934
8933
8932
8931
8930
8929
8928
8927
8926
8925
8924
8923
8922
8867
8866
8865
8864
8863
8862
8861
8860
8859
8858
8857
8856
2550
8855
8854
8853
8852
8851
8850
8849
8848
8847
8846
8845
8844
8843
8842
8841
8840
8839
8838
8837
2570
2571
2572
2573
2574
2575
2576
2577
2578
8836
2580
8835
8834
8833
8832
8831
8830
2587
8829
8828
8827
8826
8825
8824
8823
2595
8822
8821
8820
8819
8818
8817
8816
8815
8814
8813
8812
8811
8810
8809
8808
8807
8806
8805
8804
8803
8802
8801
8800
8799
8798
8797
8796
8790
8789
8788
8787
8786
8785
8784
8783
8782
8781
8772
8770
8665
8664
8652
8651
8650
8640
8639
8638
8637
8636
8635
8628
8626
8625
8624
8623
8617
8616
8426
8425
8424
8423
8422
8421
8420
8419
8418
8417
8416
8415
8414
8413
8412
8411
8410
8409
8408
8407
8406
8405
8404
8403
8402
8401
8400
8399
8398
8397
8396
8395
8394
8391
8390
8389
8388
8387
8386
8385
8384
8383
8382
8381
8380
8379
8378
8377
8376
8375
8374
8373
8372
8371
8370
8369
8084
8083
8074
8073
8062
8061
8060
8057
8055
8053
8052
8051
8050
8049
8048
8047
8046
8045
8044
8043
8042
8041
8039
7993
7991
7920
7852
7442
7441
2738
2739
2740
2741
2742
2743
2744
2745
2746
2747
2748
7440
2750
2751
2752
2753
2754
2755
2756
2757
2758
2759
2760
2761
2762
2763
2764
2765
7439
7438
7437
7436
7435
7434
7433
7432
7431
7430
7429
7428
7427
7426
7423
7421
7418
7417
7416
7413
7411
7409
7405
7402
7401
7400
7399
7398
7397
7396
7395
7394
7393
7392
7391
7390
7389
7388
7387
7386
7385
7384
7383
7382
7381
7380
7379
7378
7377
7376
7375
7374
7373
7372
7371
7370
7369
7368
7367
7366
7365
7364
7363
7362
7361
7360
7359
7358
7357
7356
7355
7354
7353
7352
7351
7350
7349
7348
7347
7346
7345
7344
7343
7342
2850
2851
2852
2853
7341
7340
7339
7338
7337
7336
7335
7334
7333
2863
2864
7332
2866
2867
2868
2869
2870
7290
7287
7285
7284
7283
7281
7280
7278
2879
2880
7260
2882
2883
2884
7259
7257
7256
7254
7253
7252
7251
7250
7248
7247
7246
2896
7245
7244
2899
2900
2901
7241
7240
7238
7237
7235
7234
7232
7231
7229
7228
7227
7226
7225
7224
7223
7222
7221
7220
7219
7218
7217
7216
7215
7214
7213
7212
7211
7210
7209
7208
7207
7206
7205
7204
7203
7202
7201
7200
7199
7198
7197
7196
7195
7194
7193
7192
7191
7190
7189
7188
7187
7186
7185
7184
7183
7182
7181
7180
7179
7178
7177
7176
7175
7174
7173
7172
7171
7170
7169
7168
7167
7166
7165
7164
7163
7162
7161
7160
7159
7158
7157
7156
7155
7154
7153
7152
7151
7150
7149
7148
7147
7146
7145
7144
7143
7142
7141
7140
7139
7138
7137
7136
7135
7134
7133
7132
7131
7130
7129
7128
7127
7126
7125
7124
7123
7122
7121
7120
7119
7118
7117
7116
7115
7114
7113
7112
7111
7110
7109
7108
7107
7106
7105
7104
7103
7102
7101
7100
7099
7098
7097
7096
7095
7094
7093
7092
7091
7090
7089
7088
7087
7086
3054
3055
7085
7084
7083
7082
7081
7080
7079
7078
7077
7076
7075
7074
7073
7072
7071
7070
7069
7068
7067
7066
7065
7064
7063
7062
7061
7060
7059
7058
7057
7056
7055
7054
7053
7052
7051
3091
3092
3093
3094
3095
3096
3097
7050
7049
7048
7047
3102
3103
3104
3105
3106
7046
7045
7044
3110
3111
3112
7043
7042
7041
7040
7039
7038
7037
7036
7035
7034
7033
7032
7031
7030
7029
7028
7027
7026
7025
3132
7024
3134
3135
3136
3137
7023
7022
7021
7020
7019
7018
7017
7016
7015
7014
7013
7012
7011
7010
7009
3153
3154
7008
7007
7006
7005
7004
7003
7002
7001
7000
6999
6998
6997
6996
6995
6994
6993
3171
3172
3173
3174
3175
3176
3177
3178
3179
3180
3181
3182
3183
3184
3185
3186
3187
3188
3189
3190
3191
3192
3193
3194
3195
3196
3197
3198
3199
3200
3201
3202
3203
3204
3205
3206
3207
3208
3209
3210
3211
3212
3213
3214
3215
3216
3217
3218
3219
3220
3221
3222
3223
3224
3225
3226
3227
3228
3229
3230
3231
3232
3233
3234
3235
3236
3237
3238
3239
3240
3241
3242
3243
3244
3245
3246
3247
3248
3249
3250
3251
3252
3253
3254
3255
3256
3257
3258
3259
3260
3261
3262
3263
3264
3265
3266
3267
3268
3269
3270
3271
3272
3273
3274
3275
6992
3277
3278
6991
3280
3281
6990
3283
3284
3285
6989
3287
3288
6988
3290
3291
3292
6987
3294
6986
6985
3297
3298
6984
3300
3301
3302
3303
3304
6983
6982
6981
6980
6979
6978
6977
6976
6975
6974
6973
6972
6971
6970
6969
6968
6967
6966
6965
6964
6963
6962
6961
6960
6959
6958
6957
6956
6955
6954
6953
6952
6951
6950
6949
6948
6947
6946
6945
6944
6943
6942
6941
6940
6939
6938
6937
6936
6935
6934
6933
6932
6931
6930
6929
6928
6927
6926
6925
6924
6923
6922
6921
6920
6919
6918
6917
6916
6915
6914
6913
6912
6911
6910
3379
3380
3381
3382
3383
3384
3385
3386
3387
3388
3389
3390
3391
3392
3393
3394
3395
3396
3397
3398
3399
3400
3401
3402
3403
3404
3405
3406
3407
3408
3409
3410
3411
3412
3413
3414
3415
3416
3417
3418
3419
3420
3421
3422
3423
3424
3425
3426
3427
3428
3429
3430
3431
3432
3433
3434
3435
3436
3437
3438
3439
3440
3441
3442
3443
3444
3445
3446
3447
3448
3449
3450
3451
3452
3453
3454
3455
3456
3457
3458
3459
3460
3461
3462
3463
3464
3465
3466
3467
3468
3469
3470
3471
3472
3473
3474
3475
3476
3477
3478
3479
3480
3481
3482
3483
3484
3485
3486
3487
3488
3489
3490
3491
3492
3493
3494
3495
3496
3497
3498
3499
3500
3501
3502
3503
3504
3505
3506
3507
3508
3509
3510
3511
3512
3513
3514
3515
3516
3517
3518
3519
3520
3521
3522
3523
3524
3525
3526
3527
3528
3529
3530
3531
3532
3533
3534
3535
3536
3537
3538
3539
3540
3541
3542
3543
3544
3545
3546
3547
3548
3549
3550
3551
3552
3553
3554
3555
3556
3557
3558
3559
3560
3561
3562
3563
3564
3565
3566
3567
3568
3569
3570
3571
3572
3573
3574
3575
3576
3577
3578
3579
3580
3581
3582
3583
3584
3585
3586
3587
3588
3589
3590
3591
3592
3593
3594
3595
3596
3597
3598
3599
3600
3601
3602
3603
3604
3605
3606
3607
3608
3609
3610
3611
3612
3613
3614
3615
3616
3617
3618
3619
3620
3621
3622
3623
3624
3625
3626
3627
3628
3629
3630
3631
3632
3633
3634
3635
3636
3637
3638
3639
3640
3641
3642
3643
3644
3645
3646
3647
3648
3649
3650
3651
3652
3653
3654
3655
3656
3657
3658
3659
3660
3661
3662
3663
3664
3665
3666
3667
3668
3669
3670
3671
3672
3673
3674
3675
3676
3677
3678
3679
3680
3681
3682
3683
3684
3685
3686
3687
3688
3689
3690
3691
3692
3693
3694
3695
3696
3697
3698
3699
3700
3701
3702
3703
3704
3705
3706
3707
3708
3709
3710
3711
3712
3713
3714
3715
3716
3717
3718
3719
3720
3721
3722
3723
3724
3725
3726
3727
3728
3729
3730
3731
3732
3733
3734
3735
3736
3737
3738
3739
3740
3741
3742
3743
3744
3745
3746
3747
3748
3749
3750
3751
3752
3753
3754
3755
3756
3757
3758
3759
3760
3761
3762
3763
3764
3765
3766
3767
3768
3769
3770
3771
3772
3773
3774
3775
3776
3777
3778
3779
3780
3781
3782
3783
3784
3785
3786
3787
3788
3789
3790
3791
3792
3793
3794
3795
3796
3797
3798
3799
3800
3801
3802
3803
3804
3805
3806
3807
3808
3809
3810
3811
3812
3813
3814
3815
3816
3817
3818
3819
3820
3821
3822
3823
3824
3825
3826
3827
3828
3829
3830
3831
3832
3833
3834
3835
3836
6909
6908
6907
6906
3841
3842
3843
3844
3845
6905
6904
6903
6902
6901
6900
3852
6899
3854
3855
6898
3857
3858
3859
3860
3861
3862
3863
3864
3865
6897
3867
3868
3869
6896
3871
3872
3873
3874
3875
3876
3877
3878
3879
3880
3881
6895
6894
6893
6892
6891
6890
6889
6888
6887
3891
3892
3893
3894
3895
3896
3897
3898
3899
3900
3901
3902
3903
3904
3905
3906
3907
3908
3909
3910
3911
3912
3913
3914
3915
3916
3917
3918
3919
3920
3921
3922
3923
3924
3925
3926
3927
3928
3929
3930
3931
3932
3933
3934
3935
3936
3937
3938
3939
3940
3941
3942
3943
3944
3945
3946
3947
3948
3949
3950
3951
3952
3953
3954
3955
3956
3957
3958
3959
3960
3961
3962
3963
3964
3965
3966
3967
3968
3969
3970
3971
3972
3973
3974
3975
3976
3977
3978
3979
3980
3981
3982
3983
3984
3985
3986
3987
3988
3989
3990
3991
3992
3993
3994
3995
3996
3997
3998
3999
4000
4001
4002
4003
4004
4005
4006
4007
4008
4009
4010
4011
4012
4013
4014
4015
4016
4017
4018
4019
4020
4021
4022
4023
4024
4025
4026
4027
4028
4029
4030
4031
4032
4033
4034
4035
4036
4037
4038
4039
4040
4041
4042
4043
4044
4045
4046
4047
4048
4049
4050
4051
4052
4053
4054
4055
4056
4057
4058
4059
4060
4061
4062
4063
4064
4065
4066
4067
4068
4069
4070
4071
4072
4073
4074
4075
4076
4077
4078
4079
4080
4081
4082
4083
4084
4085
4086
4087
4088
4089
4090
4091
4092
4093
4094
4095
4096
4097
4098
4099
4100
4101
4102
4103
4104
4105
4106
4107
4108
4109
4110
4111
4112
4113
4114
4115
4116
4117
4118
4119
4120
4121
4122
4123
4124
4125
4126
4127
4128
4129
4130
4131
4132
4133
4134
4135
4136
4137
4138
4139
4140
4141
4142
4143
4144
4145
4146
4147
4148
4149
4150
4151
4152
4153
4154
4155
4156
4157
4158
4159
4160
4161
4162
4163
4164
4165
4166
4167
4168
4169
4170
4171
4172
4173
4174
4175
4176
4177
4178
4179
4180
4181
4182
4183
4184
4185
4186
4187
4188
4189
4190
4191
4192
4193
4194
4195
4196
4197
4198
4199
4200
4201
4202
4203
4204
4205
4206
4207
4208
4209
4210
4211
4212
4213
4214
4215
4216
4217
4218
4219
4220
4221
4222
4223
4224
4225
4226
4227
4228
4229
4230
4231
4232
4233
4234
4235
4236
4237
4238
4239
4240
4241
4242
4243
4244
4245
4246
4247
4248
4249
4250
4251
4252
4253
4254
4255
4256
4257
4258
4259
4260
4261
4262
4263
4264
4265
4266
4267
4268
4269
4270
4271
4272
4273
4274
4275
4276
4277
4278
4279
4280
4281
4282
4283
4284
4285
4286
4287
4288
4289
4290
4291
4292
4293
4294
4295
4296
4297
4298
4299
4300
4301
4302
4303
4304
4305
4306
4307
4308
4309
4310
4311
4312
4313
4314
4315
4316
4317
4318
4319
4320
4321
4322
4323
4324
4325
4326
4327
4328
4329
4330
4331
4332
4333
4334
4335
4336
4337
6886
4339
4340
6885
4342
4343
4344
4345
6884
6883
4348
4349
4350
4351
4352
4353
4354
4355
4356
4357
4358
4359
4360
4361
4362
6882
4364
4365
4366
6881
4368
4369
4370
6880
4372
4373
4374
6879
4376
4377
4378
6878
6877
6876
6875
6874
6873
6872
6871
6870
6869
6868
6867
6866
4392
6865
4394
6864
4396
6863
6862
6861
6860
6859
6858
6857
6856
6855
6854
6853
6852
6851
6850
6849
6848
6847
6846
6845
6844
6843
6842
6841
6840
6839
6838
6837
6836
6835
6834
6833
6832
6831
6830
6829
6828
6827
6826
6825
6824
6823
6822
6821
6820
6819
6818
4443
4444
4445
4446
4447
4448
4449
4450
4451
4452
4453
4454
4455
4456
4457
4458
4459
4460
4461
4462
4463
4464
4465
4466
4467
4468
4469
4470
4471
4472
4473
4474
4475
4476
4477
4478
4479
4480
4481
4482
4483
4484
4485
4486
4487
4488
4489
4490
4491
4492
4493
4494
4495
4496
4497
4498
4499
4500
4501
4502
4503
4504
4505
4506
4507
4508
4509
4510
4511
4512
4513
4514
4515
4516
4517
4518
6817
6816
6815
6814
4523
6813
6812
6811
6810
6809
6808
4530
4531
4532
6807
6806
4535
6805
6804
6803
6802
4540
4541
4542
4543
4544
4545
4546
4547
4548
4549
4550
4551
4552
4553
4554
4555
4556
4557
4558
4559
4560
4561
6801
6800
6799
6798
6797
6796
6795
6794
6793
6792
6791
6790
6789
6788
6787
6786
6785
6784
6783
6782
6781
6780
6779
6778
6777
6767
6766
6765
6764
6763
6762
6761
6760
6759
6758
6755
6754
6753
6752
6751
6750
6749
6748
6747
6746
6745
6744
6743
6742
6738
6732
6731
6730
6729
6723
6722
6721
6720
6719
6718
6717
6716
6715
6714
6713
6712
6711
6710
6709
6708
6707
6706
6705
6704
6703
6702
6701
6700
6699
6698
6697
6696
6695
6694
6693
6692
6691
6690
6689
6688
6687
6686
6685
6684
6683
6682
6681
6680
6679
6678
6677
6676
6675
6674
6673
6672
6671
6670
6669
6668
6667
6666
6665
6664
6663
6662
6661
6660
6659
6658
6657
6656
6655
6654
6653
6652
6651
6650
6649
6648
6647
6646
6645
6644
6643
6642
6641
6640
6639
6638
6637
6636
6635
6634
6633
6632
6631
6630
6629
6628
6627
6626
6625
6624
6623
6622
6621
6620
6619
6618
6617
6616
6615
6614
6613
6612
6611
6610
6609
6608
6607
6606
6605
6604
6603
6602
6601
6600
6599
6598
6597
6596
6595
6594
6593
6592
6591
6590
6589
6588
6587
6586
6585
6584
6583
6582
6581
6580
6579
6578
6577
6576
6575
6574
6573
6572
6571
6570
6569
6568
6567
6566
6565
6564
6563
6562
6561
6560
6559
6558
6557
6556
6555
6554
6553
6552
6551
6550
6549
6548
6547
6546
6545
6544
6543
6542
6541
6540
6539
6538
6537
6536
6535
6534
6533
6532
6531
6530
6529
6528
6527
6526
6525
6524
6523
6522
6521
6520
6519
6518
6517
6516
6515
6514
6513
6512
6511
6510
6509
6508
6507
6506
6505
6504
6503
6502
6501
6500
6499
6498
6497
6496
6495
6494
6493
6492
6491
6490
6489
6488
6487
6486
6485
6484
6483
6482
6481
6480
6479
6478
6477
6476
6475
6474
6473
6472
6471
6470
6469
6468
6467
6466
6465
6464
6463
6462
6461
6460
6459
6458
6457
6456
6455
6454
6453
6452
6451
6450
6449
6448
6447
6446
6445
6444
6443
6442
6441
6440
6439
6438
6437
6436
6435
6434
6433
6432
6431
6430
6429
6428
6427
6426
6425
6424
6423
6422
6421
6420
6419
6418
6417
6416
6415
6414
6413
6412
6411
6410
6409
6408
6407
6406
6405
6404
6403
6402
6401
6400
6399
6398
6397
6396
6395
6394
6393
6392
6391
6390
6389
6388
6387
6386
6385
6384
6383
6382
6381
6380
6379
6378
6377
6376
6375
6374
6373
6372
4968
4969
4970
6371
6370
6369
6368
4975
4976
6367
4978
6366
6365
6364
6363
6362
6361
6360
6359
6358
6357
6356
6355
6354
6353
6352
6351
6350
6349
6348
6347
6346
6345
6344
6343
6342
6341
6340
6339
6338
6337
6336
6335
6334
6333
6332
6331
6330
6329
6328
6327
6326
6325
6324
6323
6322
6321
6320
6319
6318
6317
6316
6315
6314
6313
6312
6311
6310
6309
6308
6307
6306
5040
6305
5042
6304
6303
6302
6301
6300
6299
6298
6297
6296
6295
6294
6293
6292
6291
6290
6289
6288
6287
6286
6285
6284
6283
6282
6281
6280
6279
6278
6277
6276
6275
6274
6273
6272
6192
6189
6188
6186
6184
6182
6181
6180
6179
6178
6177
6175
6174
6173
6172
6171
6169
6168
6165
6164
6163
6161
6160
6159
6158
6157
6156
6155
6154
6153
6152
6151
6150
6149
6148
6147
6146
5113
6145
6144
6143
6142
6141
6140
6139
6138
6137
6136
6135
6134
6133
6132
6131
6130
6129
6128
6127
6126
6125
6124
6123
6122
6121
6120
6119
6118
6117
6116
6115
6114
6113
6112
6111
6110
6109
6108
6107
6106
6105
6104
5156
5157
6103
5159
5160
5161
5162
5163
5164
5165
5166
5167
5168
5169
5170
5171
5172
6102
5174
6101
5176
6100
6099
5179
5180
5181
6098
6097
6096
6095
6094
6093
6092
6091
6090
6089
6088
6087
6086
6085
5196
6084
6083
6082
6081
6080
6079
6078
6077
6076
5206
5207
6075
6074
6073
6072
6071
6070
6069
6068
6067
6066
6065
6064
6063
6062
6061
6060
6059
6058
6057
6056
6041
6040
6039
6025
6024
6003
6002
6000
5999
5997
5996
5995
5994
5993
5992
5991
5990
5987
5986
5984
5983
5982
5981
5980
5979
5978
5943
5942
5941
5940
5782
5781
5780
5777
5776
5765
5764
5763
5762
5761
5759
5748
5747
5733
5732
5731
5730
5729
5551
5550
5549
5548
5547
5546
5545
5544
5543
5542
5541
5540
5539
5538
5537
5536
5535
5534
5533
5532
5531
5530
5529
5528
5527
5526
5525
5524
5523
5522
5521
5520
5519
5518
5517
5516
5513
5512
5511
5510
5509
5508
5507
5506
5505
5504
5503
5502
5501
5500
5499
5498
5497
5496
5495
5494
5493
5492
